C1(1) = 0.62666 ; 
C1(2) = 0.52666 ; 
C1(3) = 0.42669 ; 
C1(4) = 0.32690 ; 
C1(5) = 0.22768 ; 
C1(6) = 0.12977 ; 
C1(7) = 0.03439 ; 
C1(8) = -0.05672 ; 
C1(9) = -0.14119 ; 
C1(10) = -0.21606 ; 
C1(11) = -0.27787 ; 
C1(12) = -0.32285 ; 
C1(13) = -0.34729 ; 
C1(14) = -0.34803 ; 
C1(15) = -0.32312 ; 
C1(16) = -0.27253 ; 
C1(17) = -0.19886 ; 
C1(18) = -0.10790 ; 
C1(19) = -0.00871 ; 
C1(20) = 0.08680 ; 
C1(21) = 0.16520 ; 
C1(22) = 0.21359 ; 
C1(23) = 0.22242 ; 
C1(24) = 0.18833 ; 
C1(25) = 0.11650 ; 
C1(26) = 0.02135 ; 
C1(27) = -0.07518 ; 
C1(28) = -0.14816 ; 
C1(29) = -0.17646 ; 
C1(30) = -0.15021 ; 
C1(31) = -0.07621 ;
C1(32) = 0.02152 ; 
C1(33) = 0.10791 ;
C1(34) = 0.14907 ;
C1(35) = 0.12691 ;
C1(36) = 0.04965 ;
C1(37) = -0.04819 ;
C1(38) = -0.11929 ;
C1(39) = -0.12649 ;
C1(40) = -0.06469 ;
C1(41) = 0.03219 ;
C1(42) = 0.10690 ;
C1(43) = 0.11228 ;
C1(44) = 0.04374 ;
C1(45) = -0.05287 ;
C1(46) = -0.10884 ;
C1(47) = -0.08188 ;
C1(48) = 0.00810 ;
C1(49) = 0.08905 ;
C1(50) = 0.09277 ;
C1(51) = 0.01519 ;
C1(52) = -0.07411 ;
C1(53) = -0.09125;
C1(54) = -0.01892 ;
C1(55) = 0.07063 ;
C1(56) = 0.08408 ;
C1(57) = 0.00641 ;

S1(1) = 0.62666 ; 
S1(2) = 0.62632 ; 
S1(3) = 0.62399 ; 
S1(4) = 0.61766 ; 
S1(5) = 0.60536 ; 
S1(6) = 0.58518 ; 
S1(7) = 0.55532 ; 
S1(8) = 0.51427 ; 
S1(9) = 0.46092 ; 
S1(10) = 0.39481 ; 
S1(11) = 0.31639 ; 
S1(12) = 0.22728 ; 
S1(13) = 0.13054 ; 
S1(14) = 0.03081 ; 
S1(15) = -0.06573 ; 
S1(16) = -0.15158 ; 
S1(17) = -0.21861 ; 
S1(18) = -0.25905 ; 
S1(19) = -0.26682 ; 
S1(20) = -0.23918 ; 
S1(21) = -0.17812 ; 
S1(22) = -0.09141 ; 
S1(23) = 0.00743 ; 
S1(24) = 0.10054 ; 
S1(25) = 0.16879 ; 
S1(26) = 0.19614 ; 
S1(27) = 0.17454 ; 
S1(28) = 0.10789 ; 
S1(29) = 0.01329 ; 
S1(30) = -0.08181 ; 
S1(31) = -0.14690 ;
S1(32) = -0.15883 ; 
S1(33) = -0.11181 ;
S1(34) = -0.02260 ;
S1(35) = 0.07301 ;
S1(36) = 0.13335 ;
S1(37) = 0.12973 ;
S1(38) = 0.06258 ;
S1(39) = -0.03483 ;
S1(40) = -0.11030 ;
S1(41) = -0.12048 ;
S1(42) = -0.05815 ;
S1(43) = 0.03885 ;
S1(44) = 0.10751 ;
S1(45) = 0.10038 ;
S1(46) = 0.02149 ;
S1(47) = -0.07126 ;
S1(48) = -0.10594 ;
S1(49) = -0.05381 ;
S1(50) = 0.04224 ;
S1(51) = 0.09874 ;
S1(52) = 0.06405 ;
S1(53) = -0.03004;
S1(54) = -0.09235 ;
S1(55) = -0.05976 ;
S1(56) = 0.03440 ;
S1(57) = 0.08900 ;